# Ordered factors for plots
#
# For factors in:
# tc_0.008 tc_0.007 tc_0.006 tc_0.005 tc_0.004 tc_0.003 tc_0.002 tc_0.001
#
# Created by manual inspection on which clusters are nested within each other

factor_lvls_ordered <-
  c(
    "L",
    "L0", "32", "41", "40", "49", "68", "58",
    "L1", "2", "44", "34", "39", "45", "59", "60", "61",
    "L5", "36", "46", "52",
    "L2", "31", "35", "42", "43", "47", "51", "56", "62",
    "L4", "1", "54", "55",
    "L3", "33", "37", "38", "50", "53", "57", "64", "65", "66", "67",
    "M",
    "D",
    "C",
    "48", "A", "63",
    "H",
    "B",
    "U",
    "J",
    NA
  )