# Color palette for figures

my_colors <- c(
  # rhierBAPS and TreeCluster clusters
  '1'  = "darkred",
  '48' = "gray20",
  '63' = "black",
  '2'  = "darkblue",
  '67' = "#cb181d",
  '66' = "#ef3b2c",
  '65' = "#fb6a4a",
  '38' = "#fb6a4a",
  '64' = "#fc9272",
  '33' = "#fc9272",
  '37' = "#fdd0a2",
  '50' = "#fdd0a2",
  '57' = "#fdae6b",
  '53' = "#fd8d3c",
  '54' = "#8c510a",
  '55' = "#543005",
  '31' = "#40004b",
  '35' = "#762a83",
  '43' = "#9970ab",
  '62' = "#9970ab",
  '42' = "#c2a5cf",
  '51' = "#c2a5cf",
  '56' = "#e7d4e8",
  '47' = "#bc80bd",
  '36' = "#7a0177",
  '46' = "#ae017e",
  '52' = "#dd3497",
  '34' = "#084594",
  '45' = "#084594",
  '44' = "#2171b5",
  '59' = "#2171b5",
  '61' = "#d1e5f0",
  '60' = "#92c5de",
  '32' = "#006d2c",
  '49' = "#74c476",
  '40' = "#66c2a5",
  '58' = "#e5f5f9",
  '41' = "#e5f5f9",
  '68' = "#00441b",
  '39' = "#225ea8",
  
  # SC and SCL
  'A'  = "black",
  'B'  = "gray20",
  'C'  = "gray30",
  'D'  = "gray40",
  'H'  = "gray50",
  'J'  = "gray60",
  'M'  = "gray70",
  'U'  = "gray80",
  'L'  = "darkblue",
  'L0' = "#006d2c",
  'L1' = "darkblue",
  'L2' = "#40004b",
  'L3' = "darkred",
  'L4' = "#543005",
  'L5' = "#7a0177",
  
  # Populations:
  ## African-American
  'ACB' = "#377eb8",
  'ASW' = "#377eb8",
  ## Eastern West Africa
  'MSL' = "#984ea3",
  'GWD' = "#984ea3",
  ## Western West Africa
  'ESN' = "#e41a1c",
  'YRI' = "#e41a1c",
  ## East Africa
  'LWK' = "#4daf4a"
)